left_side right_side confidence numerator lift 
 (39,) [40] 0.6767485822306238 1074 0.00013489108675117077 
 (40,) [39] 0.21407215467410803 1074 0.00013489108675117077 
 (39,) [42] 0.25393824826717076 403 0.00016772671616061477 
 (42,) [39] 0.2661822985468956 403 0.00016772671616061477 
 (39,) [49] 0.5318210459987398 844 0.00012542949198083485 
 (49,) [39] 0.19905660377358492 844 0.00012542949198083485 
 (39,) [37] 0.18147448015122875 288 0.000593053856703362 
 (37,) [39] 0.9411764705882353 288 0.0005930538567033619 
 (39,) [33] 0.18714555765595464 297 0.00012568539802280365 
 (33,) [39] 0.1994627266621894 297 0.00012568539802280365 
 (39,) [171] 0.19785759294265912 314 0.0006144645743560842 
 (171,) [39] 0.9751552795031055 314 0.0006144645743560842 
 (39,) [287] 0.06742281033396345 107 0.0005862853072518561 
 (287,) [39] 0.9304347826086956 107 0.0005862853072518561 
 (39,) [111] 0.16257088846880907 258 0.0006111687536421394 
 (111,) [39] 0.9699248120300752 258 0.0006111687536421394 
 (39,) [38] 0.06742281033396345 107 0.0006129346393996677 
 (38,) [39] 0.9727272727272728 107 0.0006129346393996677 
 (40,) [42] 0.22922064979071158 1150 0.00015140069338884517 
 (42,) [40] 0.7595772787318362 1150 0.00015140069338884517 
 (40,) [49] 0.5752441698226032 2886 0.00013567079476948187 
 (49,) [40] 0.6806603773584906 2886 0.0001356707947694819 
 (37,) [40] 0.696078431372549 213 0.0001387439568213173 
 (226,) [40] 0.7371794871794872 230 0.00014693631396840487 
 (40,) [90] 0.05640821207893163 283 0.00014172917607771767 
 (90,) [40] 0.7110552763819096 283 0.00014172917607771767 
 (256,) [40] 0.7235294117647059 123 0.0001442155494846932 
 (40,) [33] 0.16523819015347818 829 0.0001109725924469296 
 (33,) [40] 0.5567494963062458 829 0.0001109725924469296 
 (311,) [40] 0.6872586872586872 178 0.00013698598510238931 
 (40,) [66] 0.05939804664141918 298 0.0001222182029658831 
 (66,) [40] 0.6131687242798354 298 0.00012221820296588306 
 (2239,) [40] 0.7719298245614035 132 0.0001538628312859086 
 (238,) [40] 0.6079734219269103 183 0.00012118266333005986 
 (171,) [40] 0.6459627329192547 208 0.00012875478033072646 
 (1147,) [40] 0.6857142857142857 96 0.00013667815142800194 
 (148,) [40] 0.5846994535519126 107 0.0001165436423264725 
 (1328,) [40] 0.6506024096385542 108 0.00012967957138500184 
 (186,) [40] 0.6595744680851063 93 0.00013146790274767915 
 (102,) [40] 0.6150442477876106 139 0.00012259203663297002 
 (593,) [40] 0.6308724832214765 94 0.0001257469569905275 
 (61,) [40] 0.6198830409356725 106 0.00012355651603262357 
 (271,) [40] 0.7277777777777777 131 0.00014506234358735852 
 (439,) [40] 0.693069306930693 140 0.00013814417120404485 
 (605,) [40] 0.706766917293233 94 0.00014087441046307218 
 (111,) [40] 0.6390977443609023 170 0.00012738643499320357 
 (12926,) [40] 0.64 96 0.00012756627466613515 
 (476,) [40] 0.6752136752136753 158 0.00013458514554787228 
 (272,) [40] 0.7121212121212122 141 0.00014194164084536817 
 (414,) [40] 0.5586592178770949 100 0.00011135324255074644 
 (80,) [40] 0.6586826347305389 110 0.00013129014046851483 
 (42,) [49] 0.607001321003963 919 0.000143160688916029 
 (49,) [42] 0.21674528301886792 919 0.00014316068891602902 
 (42,) [226] 0.062087186261558784 94 0.00019899739186397046 
 (226,) [42] 0.30128205128205127 94 0.00019899739186397046 
 (42,) [33] 0.20541611624834874 311 0.00013795575302105354 
 (33,) [42] 0.2088650100738751 311 0.00013795575302105357 
 (42,) [66] 0.07397622192866579 112 0.00015221444841289258 
 (66,) [42] 0.23045267489711935 112 0.00015221444841289255 
 (42,) [171] 0.059445178335535004 90 0.00018461235507930126 
 (171,) [42] 0.2795031055900621 90 0.00018461235507930124 
 (37,) [49] 0.4738562091503268 145 0.00011175853989394499 
 (226,) [49] 0.5448717948717948 170 0.00012850749879051766 
 (49,) [90] 0.06721698113207547 285 0.00016888688726652128 
 (90,) [49] 0.7160804020100503 285 0.0001688868872665213 
 (256,) [49] 0.7294117647058823 124 0.00017203107658157602 
 (49,) [33] 0.18891509433962264 801 0.00012687380412331945 
 (33,) [49] 0.5379449294828744 801 0.00012687380412331945 
 (311,) [49] 0.6988416988416989 181 0.00016482115538719313 
 (49,) [66] 0.0625 265 0.0001286008230452675 
 (66,) [49] 0.5452674897119342 265 0.0001286008230452675 
 (2239,) [49] 0.543859649122807 93 0.00012826878517047336 
 (238,) [49] 0.5514950166112956 166 0.00013006957938945651 
 (171,) [49] 0.5093167701863354 164 0.00012012187976092815 
 (148,) [49] 0.6065573770491803 111 0.00014305598515310856 
 (124,) [49] 0.6821705426356589 88 0.00016088927892350446 
 (186,) [49] 0.6524822695035462 92 0.0001538873277131005 
 (102,) [49] 0.588495575221239 133 0.0001387961262314243 
 (61,) [49] 0.5263157894736842 90 0.00012413108242303873 
 (271,) [49] 0.5722222222222222 103 0.00013495807127882599 
 (439,) [49] 0.5891089108910891 119 0.00013894078087053988 
 (111,) [49] 0.5150375939849624 137 0.00012147113065683076 
 (476,) [49] 0.7136752136752137 167 0.00016831962586679567 
 (272,) [49] 0.5505050505050505 109 0.00012983609681722888 
 (50,) [49] 0.7338709677419355 91 0.00017308277541083384 
 (414,) [49] 0.6368715083798883 114 0.00015020554442921893 
 (80,) [49] 0.5449101796407185 91 0.00012851655180205626 
 (256,) [40, 49] 0.5470588235294118 93 0.00010904102522013391 
 (256, 40) [49] 0.5470588235294118 93 0.00012902330743618204 
 (256, 49) [40] 0.5470588235294118 93 0.00010904102522013391 
 (33,) [40, 39] 0.14103425117528542 210 2.8111271910561178e-05 
 (39,) [40, 33] 0.1323251417769376 210 2.637535215805015e-05 
 (33, 39) [40] 0.14103425117528542 210 2.8111271910561178e-05 
 (33, 40) [39] 0.14103425117528542 210 8.886846324844703e-05 
 (39, 40) [33] 0.1323251417769376 210 8.886846324844701e-05 
 (33,) [42, 39] 0.06178643384822028 92 4.081006198693546e-05 
 (39,) [33, 42] 0.057971014492753624 92 3.8932850565986315e-05 
 (42,) [33, 39] 0.0607661822985469 92 4.081006198693546e-05 
 (33, 39) [42] 0.06178643384822028 92 4.081006198693546e-05 
 (33, 42) [39] 0.06178643384822028 92 3.8932850565986315e-05 
 (39, 42) [33] 0.057971014492753624 92 3.8932850565986315e-05 
 (33,) [49, 39] 0.11417058428475486 170 2.6927024595461052e-05 
 (39,) [33, 49] 0.10712035286704474 170 7.194113691540949e-05 
 (33, 39) [49] 0.11417058428475486 170 2.6927024595461052e-05 
 (33, 49) [39] 0.11417058428475486 170 7.194113691540949e-05 
 (39, 49) [33] 0.10712035286704474 170 7.194113691540949e-05 
 (33,) [40, 42] 0.15177971793149764 226 3.0253083103746788e-05 
 (42,) [40, 33] 0.14927344782034346 226 2.9753527570329573e-05 
 (33, 40) [42] 0.15177971793149764 226 0.00010025080444616753 
 (33, 42) [40] 0.15177971793149764 226 3.0253083103746788e-05 
 (33,) [40, 49] 0.3552719946272666 529 7.081363257469934e-05 
 (40,) [33, 49] 0.10544149890372732 529 7.081363257469934e-05 
 (49,) [40, 33] 0.12476415094339623 529 2.4868278043331915e-05 
 (33, 40) [49] 0.3552719946272666 529 8.379056477058175e-05 
 (33, 49) [40] 0.3552719946272666 529 7.081363257469934e-05 
 (40, 49) [33] 0.10544149890372732 529 7.081363257469934e-05 
 (33,) [49, 42] 0.13901947615849564 207 3.278761230153199e-05 
 (42,) [33, 49] 0.13672391017173052 207 9.182263947060478e-05 
 (33, 42) [49] 0.13901947615849564 207 3.278761230153199e-05 
 (33, 49) [42] 0.13901947615849564 207 9.182263947060478e-05 
 (42, 49) [33] 0.13672391017173052 207 9.182263947060478e-05 
 (37,) [40, 39] 0.6633986928104575 203 0.0001322301560315841 
 (39,) [40, 37] 0.12791430371770637 203 2.5496173752781817e-05 
 (37, 39) [40] 0.6633986928104575 203 0.0001322301560315841 
 (37, 40) [39] 0.6633986928104575 203 0.0004180206003846613 
 (39, 40) [37] 0.12791430371770637 203 0.0004180206003846613 
 (37,) [49, 39] 0.4477124183006536 137 0.00010559255148600321 
 (39,) [49, 37] 0.08632640201638311 137 2.0360000475562056e-05 
 (37, 39) [49] 0.4477124183006536 137 0.00010559255148600321 
 (37, 49) [39] 0.4477124183006536 137 0.0002821124248901409 
 (39, 49) [37] 0.08632640201638311 137 0.0002821124248901409 
 (37,) [40, 49] 0.38235294117647056 117 7.621146923987853e-05 
 (37, 40) [49] 0.38235294117647056 117 9.017758046614871e-05 
 (37, 49) [40] 0.38235294117647056 117 7.621146923987853e-05 
 (39,) [40, 42] 0.19911783238815375 316 3.9688625152113565e-05 
 (40,) [42, 39] 0.06298584811640423 316 4.1602277487717455e-05 
 (42,) [40, 39] 0.20871862615587847 316 4.1602277487717455e-05 
 (39, 40) [42] 0.19911783238815375 316 0.0001315177228455441 
 (39, 42) [40] 0.19911783238815375 316 3.9688625152113565e-05 
 (40, 42) [39] 0.06298584811640423 316 3.9688625152113565e-05 
 (39,) [40, 171] 0.12980466288594833 206 2.5872964497896818e-05 
 (171,) [40, 39] 0.639751552795031 206 0.00012751675359677717 
 (39, 40) [171] 0.12980466288594833 206 0.0004031200710743737 
 (39, 171) [40] 0.12980466288594833 206 2.5872964497896818e-05 
 (39,) [40, 49] 0.40705734089477 646 8.11356071147638e-05 
 (40,) [49, 39] 0.12876220849113015 646 3.0368445398851452e-05 
 (49,) [40, 39] 0.15235849056603773 646 3.0368445398851452e-05 
 (39, 40) [49] 0.40705734089477 646 9.600408983367217e-05 
 (39, 49) [40] 0.40705734089477 646 8.11356071147638e-05 
 (40, 49) [39] 0.12876220849113015 646 8.11356071147638e-05 
 (39,) [40, 111] 0.10522999369880277 167 2.097468481140179e-05 
 (111,) [40, 39] 0.6278195488721805 167 0.0001251384390815588 
 (39, 40) [111] 0.10522999369880277 167 0.0003956014800706871 
 (39, 111) [40] 0.10522999369880277 167 2.097468481140179e-05 
 (39,) [49, 42] 0.15059861373660996 239 3.5518540975615556e-05 
 (42,) [49, 39] 0.15785997357992074 239 3.723112584432093e-05 
 (49,) [42, 39] 0.05636792452830189 239 3.723112584432093e-05 
 (39, 42) [49] 0.15059861373660996 239 3.5518540975615556e-05 
 (39, 49) [42] 0.15059861373660996 239 9.947068278507923e-05 
 (42, 49) [39] 0.15785997357992074 239 9.947068278507923e-05 
 (39,) [49, 171] 0.10081915563957151 160 2.3778102745181963e-05 
 (171,) [49, 39] 0.4968944099378882 160 0.00011719207781553967 
 (39, 171) [49] 0.10081915563957151 160 2.3778102745181963e-05 
 (39, 49) [171] 0.10081915563957151 160 0.00031310296782475626 
 (171, 49) [39] 0.4968944099378882 160 0.00031310296782475626 
 (39,) [49, 111] 0.08443604284814114 134 1.9914161049089893e-05 
 (111,) [49, 39] 0.5037593984962406 134 0.00011881117889062279 
 (39, 49) [111] 0.08443604284814114 134 0.00031742873251180883 
 (39, 111) [49] 0.08443604284814114 134 1.9914161049089893e-05 
 (40,) [49, 42] 0.1488937612118796 747 3.511645311600934e-05 
 (42,) [40, 49] 0.49339498018494055 747 9.834462431431942e-05 
 (49,) [40, 42] 0.17617924528301887 747 3.511645311600934e-05 
 (40, 42) [49] 0.1488937612118796 747 3.511645311600934e-05 
 (40, 49) [42] 0.1488937612118796 747 9.834462431431943e-05 
 (42, 49) [40] 0.49339498018494055 747 9.834462431431942e-05 
 (171,) [40, 49] 0.38198757763975155 123 7.613864413788151e-05 
 (171, 49) [40] 0.38198757763975155 123 7.613864413788151e-05 
 (311,) [40, 49] 0.5328185328185329 138 0.00010620261766365016 
 (66,) [40, 49] 0.38477366255144035 187 7.6693973002081e-05 
 (49,) [40, 90] 0.05165094339622642 219 1.029518505007503e-05 
 (90,) [40, 49] 0.550251256281407 219 0.00010967734827215607 
 (49, 90) [40] 0.05165094339622642 219 1.029518505007503e-05 
 (476,) [40, 49] 0.5341880341880342 125 0.00010647558983217743 
 (226,) [40, 49] 0.4423076923076923 138 8.816178838104292e-05 
 (238,) [40, 49] 0.3853820598006645 116 7.68152401436445e-05 
 (111,) [40, 49] 0.37969924812030076 101 7.568252902537388e-05 
 (33,) [40, 49, 39] 0.08730691739422432 130 1.740221594463311e-05 
 (39,) [40, 33, 49] 0.08191556395715185 130 1.6327598954983428e-05 
 (33, 39) [40, 49] 0.08730691739422432 130 1.740221594463311e-05 
 (33, 40) [49, 39] 0.08730691739422432 130 2.0591254102411394e-05 
 (33, 49) [40, 39] 0.08730691739422432 130 1.740221594463311e-05 
 (39, 40) [33, 49] 0.08191556395715185 130 5.5013810582371966e-05 
 (39, 49) [40, 33] 0.08191556395715185 130 1.6327598954983428e-05 
 (33, 39, 40) [49] 0.08730691739422432 130 2.0591254102411394e-05 
 (33, 39, 49) [40] 0.08730691739422432 130 1.740221594463311e-05 
 (33, 40, 49) [39] 0.08730691739422432 130 5.501381058237197e-05 
 (39, 40, 49) [33] 0.08191556395715185 130 5.5013810582371966e-05 
 (33,) [40, 49, 42] 0.10678307588985897 159 2.1284248732282036e-05 
 (42,) [40, 33, 49] 0.10501981505944517 159 2.0932791520718593e-05 
 (33, 40) [49, 42] 0.10678307588985897 159 2.5184687709872398e-05 
 (33, 42) [40, 49] 0.10678307588985897 159 2.1284248732282036e-05 
 (33, 49) [40, 42] 0.10678307588985897 159 2.1284248732282036e-05 
 (42, 49) [40, 33] 0.10501981505944517 159 2.0932791520718593e-05 
 (33, 40, 42) [49] 0.10678307588985897 159 2.5184687709872398e-05 
 (33, 40, 49) [42] 0.10678307588985897 159 7.05304332165515e-05 
 (33, 42, 49) [40] 0.10678307588985897 159 2.1284248732282036e-05 
 (37,) [40, 49, 39] 0.35947712418300654 110 7.165180868706528e-05 
 (39,) [40, 49, 37] 0.06931316950220542 110 1.3815660654216748e-05 
 (37, 39) [40, 49] 0.35947712418300654 110 7.165180868706528e-05 
 (37, 40) [49, 39] 0.35947712418300654 110 8.478234060919966e-05 
 (37, 49) [40, 39] 0.35947712418300654 110 7.165180868706528e-05 
 (39, 40) [49, 37] 0.06931316950220542 110 1.63474456373126e-05 
 (39, 49) [40, 37] 0.06931316950220542 110 1.3815660654216748e-05 
 (37, 39, 40) [49] 0.35947712418300654 110 8.478234060919966e-05 
 (37, 39, 49) [40] 0.35947712418300654 110 7.165180868706528e-05 
 (37, 40, 49) [39] 0.35947712418300654 110 0.00022651362582420072 
 (39, 40, 49) [37] 0.06931316950220542 110 0.00022651362582420072 
 (39,) [40, 49, 42] 0.12476370510396975 198 2.4868189177590144e-05 
 (42,) [40, 49, 39] 0.130779392338177 198 2.606724981825334e-05 
 (39, 40) [49, 42] 0.12476370510396975 198 2.9425402147162678e-05 
 (39, 42) [40, 49] 0.12476370510396975 198 2.4868189177590144e-05 
 (39, 49) [40, 42] 0.12476370510396975 198 2.4868189177590144e-05 
 (42, 49) [40, 39] 0.130779392338177 198 2.606724981825334e-05 
 (39, 40, 42) [49] 0.12476370510396975 198 2.9425402147162678e-05 
 (39, 40, 49) [42] 0.12476370510396975 198 8.240667444119534e-05 
 (39, 42, 49) [40] 0.12476370510396975 198 2.4868189177590144e-05 
 (39,) [40, 49, 171] 0.07687460617517328 122 1.5322823634676754e-05 
 (171,) [40, 49, 39] 0.37888198757763975 122 7.551963077090687e-05 
 (39, 40) [49, 171] 0.07687460617517328 122 1.8130803343201244e-05 
 (39, 171) [40, 49] 0.07687460617517328 122 1.5322823634676754e-05 
 (39, 49) [40, 171] 0.07687460617517328 122 1.5322823634676754e-05 
 (171, 49) [40, 39] 0.37888198757763975 122 7.551963077090687e-05 
 (39, 40, 171) [49] 0.07687460617517328 122 1.8130803343201244e-05 
 (39, 40, 49) [171] 0.07687460617517328 122 0.00023874101296637664 
 (39, 171, 49) [40] 0.07687460617517328 122 1.5322823634676754e-05 
 (39,) [40, 49, 111] 0.062381852551984876 99 1.2434094588795072e-05 
 (111,) [40, 49, 39] 0.37218045112781956 99 7.418386508427737e-05 
 (39, 40) [49, 111] 0.062381852551984876 99 1.4712701073581339e-05 
 (39, 111) [40, 49] 0.062381852551984876 99 1.2434094588795072e-05 
 (39, 49) [40, 111] 0.062381852551984876 99 1.2434094588795072e-05 
 (111, 49) [40, 39] 0.37218045112781956 99 7.418386508427737e-05 
 (39, 40, 111) [49] 0.062381852551984876 99 1.4712701073581339e-05 
 (39, 40, 49) [111] 0.062381852551984876 99 0.00023451824267663488 
 (39, 111, 49) [40] 0.062381852551984876 99 1.2434094588795072e-05 
 