left_side right_side confidence numerator lift 
 (40,) [49] 0.5781559161060547 5844 6.81225304708442e-05 
 (49,) [40] 0.688582537999293 5844 6.812253047084418e-05 
 (61,) [40] 0.6389776357827476 200 6.321504113402727e-05 
 (40,) [33] 0.16204986149584488 1638 5.498807651708344e-05 
 (33,) [40] 0.5558194774346793 1638 5.498807651708343e-05 
 (40,) [42] 0.22160664819944598 2240 7.535078143469771e-05 
 (42,) [40] 0.7616456987419246 2240 7.535078143469773e-05 
 (40,) [66] 0.056489908982983776 571 6.347180784604919e-05 
 (66,) [40] 0.6415730337078651 571 6.347180784604919e-05 
 (1328,) [40] 0.6537396121883656 236 6.467546618404883e-05 
 (40,) [39] 0.21250494657696875 2148 6.572995563778804e-05 
 (39,) [40] 0.6643983915867615 2148 6.572995563778804e-05 
 (102,) [40] 0.6568848758465011 291 6.498663195948765e-05 
 (148,) [40] 0.622093023255814 214 6.154462042499148e-05 
 (37,) [40] 0.6887755102040817 405 6.814162150812046e-05 
 (111,) [40] 0.6496350364963503 356 6.426939419235758e-05 
 (80,) [40] 0.6942675159235668 218 6.868495408820408e-05 
 (311,) [40] 0.7131630648330058 363 7.055431982914581e-05 
 (534,) [40] 0.6148648648648649 182 6.082952758853036e-05 
 (414,) [40] 0.6262886597938144 243 6.195970120635284e-05 
 (1147,) [40] 0.6702508960573477 187 6.630895291426075e-05 
 (439,) [40] 0.6640419947506562 253 6.569469675016384e-05 
 (12926,) [40] 0.6506849315068494 190 6.437326192192812e-05 
 (238,) [40] 0.6547619047619048 385 6.477660316204045e-05 
 (171,) [40] 0.6351145038167939 416 6.283285554182765e-05 
 (40,) [90] 0.053917688959240206 545 6.984156600937851e-05 
 (90,) [40] 0.7059585492227979 545 6.98415660093785e-05 
 (271,) [40] 0.6545454545454545 216 6.475518940892902e-05 
 (2239,) [40] 0.7427745664739884 257 7.348383126968624e-05 
 (226,) [40] 0.7186081694402421 475 7.109301240999625e-05 
 (272,) [40] 0.6614699331848553 297 6.544023874009252e-05 
 (476,) [40] 0.6981566820276498 303 6.906971527776512e-05 
 (287,) [40] 0.6691449814126395 180 6.619954307604268e-05 
 (256,) [40] 0.7243589743589743 226 7.166194839325033e-05 
 (49,) [33] 0.18887710616236597 1603 6.40913152909284e-05 
 (33,) [49] 0.5439429928741093 1603 6.40913152909284e-05 
 (49,) [42] 0.213267350064805 1810 7.251524993702991e-05 
 (42,) [49] 0.6154369262155729 1810 7.251524993702991e-05 
 (49,) [66] 0.05867797808412867 498 6.593031245407715e-05 
 (66,) [49] 0.5595505617977528 498 6.593031245407715e-05 
 (1328,) [49] 0.5263157894736842 190 6.20143501206179e-05 
 (49,) [39] 0.19853894191115823 1685 6.141012740833846e-05 
 (39,) [49] 0.5211877513145685 1685 6.141012740833846e-05 
 (102,) [49] 0.5620767494356659 249 6.62279662349082e-05 
 (148,) [49] 0.5755813953488372 198 6.781918173074552e-05 
 (37,) [49] 0.49829931972789115 293 5.8713246109095226e-05 
 (111,) [49] 0.4908759124087591 269 5.783856632599966e-05 
 (80,) [49] 0.5668789808917197 178 6.679380003437254e-05 
 (311,) [49] 0.6679764243614931 340 7.870583532007696e-05 
 (534,) [49] 0.6283783783783784 186 7.404010585346747e-05 
 (414,) [49] 0.5927835051546392 230 6.984605928533513e-05 
 (439,) [49] 0.5511811023622047 210 6.494416193734002e-05 
 (238,) [49] 0.5527210884353742 325 6.512561428483258e-05 
 (171,) [49] 0.5099236641221374 334 6.008291081915134e-05 
 (49,) [90] 0.06692588665017085 568 8.669156301835603e-05 
 (90,) [49] 0.7357512953367875 568 8.669156301835602e-05 
 (271,) [49] 0.5848484848484848 193 6.8911097543123e-05 
 (2239,) [49] 0.5520231213872833 191 6.504337473633596e-05 
 (226,) [49] 0.5355521936459909 354 6.310265036479215e-05 
 (272,) [49] 0.5456570155902004 245 6.429327390010609e-05 
 (476,) [49] 0.6589861751152074 286 7.764653883765846e-05 
 (256,) [49] 0.7307692307692307 228 8.610453997516563e-05 
 (33,) [42] 0.2002035968781812 590 6.807330733702184e-05 
 (42,) [33] 0.20061203672220332 590 6.807330733702182e-05 
 (33,) [39] 0.19714964370546317 581 6.098040324944732e-05 
 (39,) [33] 0.17970924837612126 581 6.0980403249447325e-05 
 (42,) [66] 0.06698401904114247 197 7.52629427428567e-05 
 (66,) [42] 0.22134831460674156 197 7.52629427428567e-05 
 (42,) [39] 0.27949676980618837 822 8.64512124361857e-05 
 (39,) [42] 0.2542530157748221 822 8.64512124361857e-05 
 (38,) [39] 0.9823788546255506 223 0.00030385983749630393 
 (39,) [38] 0.068976183111661 223 0.00030385983749630393 
 (39,) [37] 0.17568821527992576 568 0.00029878948176858123 
 (37,) [39] 0.9659863945578231 568 0.00029878948176858123 
 (39,) [111] 0.16609959789669038 537 0.00030310145601585833 
 (111,) [39] 0.9799270072992701 537 0.00030310145601585833 
 (39,) [171] 0.1991957933807609 644 0.0003041157150851312 
 (171,) [39] 0.983206106870229 644 0.0003041157150851312 
 (39,) [372] 0.055366532632230125 179 0.00030254935864606623 
 (372,) [39] 0.9781420765027322 179 0.00030254935864606623 
 (39,) [287] 0.07856480049489638 254 0.000292062455371362 
 (287,) [39] 0.9442379182156134 254 0.00029206245537136203 
 (256,) [40, 49] 0.5833333333333334 182 5.7710064635272396e-05 
 (256, 40) [49] 0.5833333333333334 182 6.873257138368485e-05 
 (256, 49) [40] 0.5833333333333334 182 5.7710064635272396e-05 
 (272,) [40, 49] 0.39643652561247217 178 3.922007574322044e-05 
 (272, 40) [49] 0.39643652561247217 178 4.6711031649873003e-05 
 (272, 49) [40] 0.39643652561247217 178 3.922007574322044e-05 
 (33,) [40, 39] 0.1299626739056668 383 1.2857407390746616e-05 
 (39,) [40, 33] 0.11846582121868234 383 1.1720006056458482e-05 
 (33, 39) [40] 0.1299626739056668 383 1.2857407390746616e-05 
 (33, 40) [39] 0.1299626739056668 383 4.0198785618826724e-05 
 (39, 40) [33] 0.11846582121868234 383 4.019878561882672e-05 
 (33,) [49, 39] 0.11367492365117068 335 1.3394005378952596e-05 
 (39,) [33, 49] 0.10361892978657594 335 3.5160817708373244e-05 
 (33, 39) [49] 0.11367492365117068 335 1.3394005378952596e-05 
 (33, 49) [39] 0.11367492365117068 335 3.516081770837324e-05 
 (39, 49) [33] 0.10361892978657594 335 3.5160817708373244e-05 
 (33,) [40, 42] 0.14557176789955886 429 1.4401639087807565e-05 
 (42,) [40, 33] 0.1458687521251275 429 1.443102019441309e-05 
 (33, 40) [42] 0.14557176789955886 429 4.94973709281057e-05 
 (33, 42) [40] 0.14557176789955886 429 1.4401639087807565e-05 
 (33,) [40, 49] 0.36002714625042415 1061 3.561803979525368e-05 
 (40,) [33, 49] 0.10496636327661259 1061 3.561803979525368e-05 
 (49,) [40, 33] 0.12501472840815364 1061 1.2367899525935264e-05 
 (33, 40) [49] 0.36002714625042415 1061 4.2421014050951354e-05 
 (33, 49) [40] 0.36002714625042415 1061 3.561803979525368e-05 
 (40, 49) [33] 0.10496636327661259 1061 3.561803979525368e-05 
 (33,) [49, 42] 0.14082117407533085 415 1.6592573827657692e-05 
 (42,) [33, 49] 0.14110846650799047 415 4.788207210993908e-05 
 (33, 42) [49] 0.14082117407533085 415 1.6592573827657692e-05 
 (33, 49) [42] 0.14082117407533085 415 4.7882072109939087e-05 
 (42, 49) [33] 0.14110846650799047 415 4.788207210993908e-05 
 (37,) [40, 39] 0.6700680272108843 394 6.629086141777644e-05 
 (39,) [40, 37] 0.12186823383854005 394 1.2056611974529091e-05 
 (37, 39) [40] 0.6700680272108843 394 6.629086141777644e-05 
 (37, 40) [39] 0.6700680272108843 394 0.00020725890108595248 
 (39, 40) [37] 0.12186823383854005 394 0.00020725890108595248 
 (37,) [49, 39] 0.48639455782312924 286 5.731054057065267e-05 
 (39,) [49, 37] 0.08846272811630065 286 1.0423321328655668e-05 
 (37, 39) [49] 0.48639455782312924 286 5.731054057065267e-05 
 (37, 49) [39] 0.48639455782312924 286 0.00015044681652432083 
 (39, 49) [37] 0.08846272811630065 286 0.00015044681652432083 
 (37,) [40, 49] 0.391156462585034 230 3.869771097992026e-05 
 (37, 40) [49] 0.391156462585034 230 4.608889626311229e-05 
 (37, 49) [40] 0.391156462585034 230 3.869771097992026e-05 
 (39,) [40, 42] 0.19641200123724095 635 1.9431341634076074e-05 
 (40,) [42, 39] 0.06282152750296795 635 2.1360600987068327e-05 
 (42,) [40, 39] 0.21591295477728664 635 2.1360600987068327e-05 
 (39, 40) [42] 0.19641200123724095 635 6.678408746590988e-05 
 (39, 42) [40] 0.19641200123724095 635 1.9431341634076074e-05 
 (40, 42) [39] 0.06282152750296795 635 1.9431341634076074e-05 
 (39,) [40, 171] 0.12743581812557997 412 1.2607421658644635e-05 
 (171,) [40, 39] 0.6290076335877862 412 6.222869346931007e-05 
 (39, 40) [171] 0.12743581812557997 412 0.00019455850095508392 
 (39, 171) [40] 0.12743581812557997 412 1.2607421658644635e-05 
 (39,) [40, 49] 0.4030312403340551 1303 3.987250102236398e-05 
 (40,) [49, 39] 0.12890779580530273 1303 1.5188853046459612e-05 
 (49,) [40, 39] 0.15352892659361375 1303 1.518885304645961e-05 
 (39, 40) [49] 0.4030312403340551 1303 4.748806885048369e-05 
 (39, 49) [40] 0.4030312403340551 1303 3.987250102236398e-05 
 (40, 49) [39] 0.12890779580530273 1303 3.987250102236398e-05 
 (39,) [40, 111] 0.10887720383544695 352 1.0771389378259493e-05 
 (111,) [40, 39] 0.6423357664233577 352 6.354726616772434e-05 
 (39, 40) [111] 0.10887720383544695 352 0.000198681028896801 
 (39, 111) [40] 0.10887720383544695 352 1.0771389378259493e-05 
 (39,) [49, 42] 0.16238787503866378 525 1.9133719222182605e-05 
 (42,) [49, 39] 0.17851071064263857 525 2.1033428849138513e-05 
 (49,) [42, 39] 0.06185931424531636 525 2.1033428849138513e-05 
 (39, 42) [49] 0.16238787503866378 525 1.9133719222182605e-05 
 (39, 49) [42] 0.16238787503866378 525 5.521519042457116e-05 
 (42, 49) [39] 0.17851071064263857 525 5.5215190424571164e-05 
 (39,) [49, 171] 0.1023816888339004 331 1.2063354404842748e-05 
 (171,) [49, 39] 0.5053435114503817 331 5.954324395550627e-05 
 (39, 171) [49] 0.1023816888339004 331 1.2063354404842748e-05 
 (39, 49) [171] 0.1023816888339004 331 0.00015630792188381742 
 (171, 49) [39] 0.5053435114503817 331 0.00015630792188381742 
 (39,) [49, 111] 0.08227652335292299 266 9.694417739239189e-06 
 (111,) [49, 39] 0.4854014598540146 266 5.719352655284725e-05 
 (39, 49) [111] 0.08227652335292299 266 0.00015013964115496894 
 (39, 111) [49] 0.08227652335292299 266 9.694417739239189e-06 
 (40,) [49, 42] 0.14542936288088643 1470 1.7135544112276002e-05 
 (42,) [40, 49] 0.499829989799388 1470 4.944895031652038e-05 
 (49,) [40, 42] 0.17320607988688583 1470 1.7135544112276002e-05 
 (40, 42) [49] 0.14542936288088643 1470 1.7135544112276002e-05 
 (40, 49) [42] 0.14542936288088643 1470 4.944895031652037e-05 
 (42, 49) [40] 0.499829989799388 1470 4.944895031652038e-05 
 (171,) [40, 49] 0.3893129770992366 255 3.851533212299531e-05 
 (171, 49) [40] 0.3893129770992366 255 3.851533212299531e-05 
 (311,) [40, 49] 0.5265225933202358 268 5.208969067275779e-05 
 (66,) [40, 49] 0.4101123595505618 365 4.0573047046949127e-05 
 (49,) [40, 90] 0.05113703310946153 434 5.059065404576724e-06 
 (90,) [40, 49] 0.5621761658031088 434 5.561695348269774e-05 
 (49, 90) [40] 0.05113703310946153 434 5.059065404576724e-06 
 (476,) [40, 49] 0.5138248847926268 223 5.083348682158951e-05 
 (226,) [40, 49] 0.42511346444780634 281 4.205712944675567e-05 
 (102,) [40, 49] 0.43792325056433407 194 4.3324421306325094e-05 
 (238,) [40, 49] 0.43537414965986393 256 4.307223482982429e-05 
 (111,) [40, 49] 0.3686131386861314 202 3.646746524397817e-05 
 (33,) [40, 49, 39] 0.0834747200542925 246 8.258282553847694e-06 
 (39,) [40, 33, 49] 0.07609031858954532 246 7.527732349579078e-06 
 (33, 39) [40, 49] 0.0834747200542925 246 8.258282553847694e-06 
 (33, 40) [49, 39] 0.0834747200542925 246 9.835597979768175e-06 
 (33, 49) [40, 39] 0.0834747200542925 246 8.258282553847694e-06 
 (39, 40) [33, 49] 0.07609031858954532 246 2.581958554107408e-05 
 (39, 49) [40, 33] 0.07609031858954532 246 7.527732349579078e-06 
 (33, 39, 40) [49] 0.0834747200542925 246 9.835597979768175e-06 
 (33, 39, 49) [40] 0.0834747200542925 246 8.258282553847694e-06 
 (33, 40, 49) [39] 0.0834747200542925 246 2.581958554107408e-05 
 (39, 40, 49) [33] 0.07609031858954532 246 2.581958554107408e-05 
 (33,) [40, 49, 42] 0.10858500169664065 320 1.074248137085879e-05 
 (42,) [40, 33, 49] 0.1088065283917035 320 1.076439734781396e-05 
 (33, 40) [49, 42] 0.10858500169664065 320 1.279427379482039e-05 
 (33, 42) [40, 49] 0.10858500169664065 320 1.074248137085879e-05 
 (33, 49) [40, 42] 0.10858500169664065 320 1.074248137085879e-05 
 (42, 49) [40, 33] 0.1088065283917035 320 1.076439734781396e-05 
 (33, 40, 42) [49] 0.10858500169664065 320 1.279427379482039e-05 
 (33, 40, 49) [42] 0.10858500169664065 320 3.692111584380845e-05 
 (33, 42, 49) [40] 0.10858500169664065 320 1.074248137085879e-05 
 (37,) [40, 49, 39] 0.3843537414965986 226 3.8024707310704256e-05 
 (39,) [40, 49, 37] 0.06990411382616765 226 6.915721589450698e-06 
 (37, 39) [40, 49] 0.3843537414965986 226 3.8024707310704256e-05 
 (37, 40) [49, 39] 0.3843537414965986 226 4.5287350241145116e-05 
 (37, 49) [40, 39] 0.3843537414965986 226 3.8024707310704256e-05 
 (39, 40) [49, 37] 0.06990411382616765 226 8.236610560406228e-06 
 (39, 49) [40, 37] 0.06990411382616765 226 6.915721589450698e-06 
 (37, 39, 40) [49] 0.3843537414965986 226 4.5287350241145116e-05 
 (37, 39, 49) [40] 0.3843537414965986 226 3.8024707310704256e-05 
 (37, 40, 49) [39] 0.3843537414965986 226 0.00011888454732341436 
 (39, 40, 49) [37] 0.06990411382616765 226 0.00011888454732341437 
 (39,) [40, 49, 42] 0.13485926384163316 436 1.334183457079869e-05 
 (42,) [40, 49, 39] 0.14824889493369603 436 1.466649138639652e-05 
 (49,) [40, 42, 39] 0.051372687639919874 436 5.082379070035603e-06 
 (39, 40) [49, 42] 0.13485926384163316 436 1.589009824927927e-05 
 (39, 42) [40, 49] 0.13485926384163316 436 1.334183457079869e-05 
 (39, 49) [40, 42] 0.13485926384163316 436 1.334183457079869e-05 
 (42, 49) [40, 39] 0.14824889493369603 436 1.466649138639652e-05 
 (39, 40, 42) [49] 0.13485926384163316 436 1.589009824927927e-05 
 (39, 40, 49) [42] 0.13485926384163316 436 4.5854901000215285e-05 
 (39, 42, 49) [40] 0.13485926384163316 436 1.334183457079869e-05 
 (39,) [40, 49, 171] 0.07856480049489638 254 7.772536653630428e-06 
 (171,) [40, 49, 39] 0.38778625954198476 254 3.8364291604865926e-05 
 (39, 40) [49, 171] 0.07856480049489638 254 9.257075585589299e-06 
 (39, 171) [40, 49] 0.07856480049489638 254 7.772536653630428e-06 
 (39, 49) [40, 171] 0.07856480049489638 254 7.772536653630428e-06 
 (171, 49) [40, 39] 0.38778625954198476 254 3.8364291604865926e-05 
 (39, 40, 171) [49] 0.07856480049489638 254 9.257075585589299e-06 
 (39, 40, 49) [171] 0.07856480049489638 254 0.00011994626029755172 
 (39, 171, 49) [40] 0.07856480049489638 254 7.772536653630428e-06 
 (39,) [40, 49, 111] 0.06248066811011444 202 6.181308677296641e-06 
 (111,) [40, 49, 39] 0.3686131386861314 202 3.646746524397817e-05 
 (39, 40) [49, 111] 0.06248066811011444 202 7.36192625310645e-06 
 (39, 111) [40, 49] 0.06248066811011444 202 6.181308677296641e-06 
 (39, 49) [40, 111] 0.06248066811011444 202 6.181308677296641e-06 
 (111, 49) [40, 39] 0.3686131386861314 202 3.646746524397817e-05 
 (39, 40, 111) [49] 0.06248066811011444 202 7.36192625310645e-06 
 (39, 40, 49) [111] 0.06248066811011444 202 0.00011401581771918693 
 (39, 111, 49) [40] 0.06248066811011444 202 6.181308677296641e-06 
 