left_side right_side confidence numerator lift 
 (1147,) [40] 0.6682692307692307 278 4.3996920848589814e-05 
 (33,) [39] 0.1896322552060257 856 4.079867797031534e-05 
 (39,) [33] 0.18416523235800344 856 4.079867797031534e-05 
 (33,) [42] 0.21178555604785113 956 4.657698615523447e-05 
 (42,) [33] 0.2102485155047284 956 4.657698615523447e-05 
 (33,) [49] 0.5283562250775365 2385 4.209003625249235e-05 
 (49,) [33] 0.1899944236437505 2385 4.209003625249235e-05 
 (33,) [40] 0.5607000443066017 2531 3.6914875522193806e-05 
 (40,) [33] 0.16663374810718282 2531 3.69148755221938e-05 
 (39,) [42] 0.25839070567986233 1201 5.6826634193943774e-05 
 (42,) [39] 0.26413019573345065 1201 5.682663419394377e-05 
 (39,) [49] 0.5086058519793459 2364 4.051667744597673e-05 
 (49,) [39] 0.18832151676889985 2364 4.051667744597673e-05 
 (39,) [40] 0.6746987951807228 3136 4.4420224845659545e-05 
 (40,) [39] 0.20646520508262559 3136 4.442022484565955e-05 
 (39,) [171] 0.19535283993115318 908 0.00021073661265496568 
 (171,) [39] 0.9795037756202805 908 0.00021073661265496568 
 (39,) [111] 0.1703958691910499 792 0.00020958901499514132 
 (111,) [39] 0.974169741697417 792 0.00020958901499514135 
 (39,) [287] 0.07422547332185886 345 0.0002006093873563753 
 (287,) [39] 0.9324324324324325 345 0.0002006093873563753 
 (39,) [38] 0.0660499139414802 307 0.00020901871500468417 
 (38,) [39] 0.9715189873417721 307 0.0002090187150046842 
 (39,) [37] 0.1703958691910499 792 0.0002045568657755701 
 (37,) [39] 0.9507803121248499 792 0.00020455686577557013 
 (42,) [49] 0.5955575104464482 2708 4.7443440647371e-05 
 (49,) [42] 0.21572532462359595 2708 4.7443440647371e-05 
 (42,) [40] 0.7624807565427755 3467 5.0199536279068765e-05 
 (40,) [42] 0.22825729146092566 3467 5.0199536279068765e-05 
 (42,) [66] 0.06333846492192655 288 4.780261503541626e-05 
 (66,) [42] 0.21735849056603773 288 4.780261503541626e-05 
 (42,) [226] 0.060919287442269626 277 6.260975071147958e-05 
 (226,) [42] 0.2846865364850976 277 6.260975071147958e-05 
 (49,) [40] 0.687963036724289 8636 4.529350429417928e-05 
 (40,) [49] 0.5685693594048324 8636 4.529350429417927e-05 
 (49,) [66] 0.05751613160200749 722 4.340840120906226e-05 
 (66,) [49] 0.5449056603773584 722 4.340840120906225e-05 
 (272,) [49] 0.5139751552795031 331 4.0944408131881074e-05 
 (102,) [49] 0.5864197530864198 380 4.6715506499356314e-05 
 (171,) [49] 0.4962243797195254 460 3.953034172863263e-05 
 (311,) [49] 0.6611039794608472 515 5.2665018677674436e-05 
 (414,) [49] 0.5963963963963964 331 4.751026817465119e-05 
 (226,) [49] 0.5231243576567317 509 4.1673254015512765e-05 
 (534,) [49] 0.5846153846153846 266 4.6571766479358294e-05 
 (238,) [49] 0.5490628445424476 498 4.373957177905262e-05 
 (476,) [49] 0.6624405705229794 418 5.277149450513657e-05 
 (111,) [49] 0.5079950799507995 413 4.046802198285665e-05 
 (439,) [49] 0.5652173913043478 338 4.502647903324686e-05 
 (2239,) [49] 0.5538461538461539 288 4.412062087518154e-05 
 (148,) [49] 0.5872093023255814 303 4.6778403754129006e-05 
 (256,) [49] 0.6971830985915493 297 5.55391618411176e-05 
 (80,) [49] 0.5647773279352226 279 4.499142260298117e-05 
 (49,) [90] 0.06723492392256832 844 5.796114131255889e-05 
 (90,) [49] 0.7275862068965517 844 5.7961141312558886e-05 
 (37,) [49] 0.4801920768307323 400 3.8253172694235026e-05 
 (1328,) [49] 0.5216535433070866 265 4.155608566136275e-05 
 (271,) [49] 0.570902394106814 310 4.5479359046189274e-05 
 (40,) [66] 0.053920600434524985 819 4.069479278077357e-05 
 (66,) [40] 0.6181132075471698 819 4.069479278077357e-05 
 (272,) [40] 0.6894409937888198 444 4.5390808729265905e-05 
 (102,) [40] 0.6311728395061729 409 4.1554601323732495e-05 
 (171,) [40] 0.6752966558791802 626 4.445958627158998e-05 
 (311,) [40] 0.7368421052631579 574 4.8511561344601875e-05 
 (414,) [40] 0.5963963963963964 331 3.92650205014416e-05 
 (226,) [40] 0.7204522096608428 701 4.74324978379645e-05 
 (534,) [40] 0.6241758241758242 284 4.109393799300969e-05 
 (238,) [40] 0.6416758544652701 582 4.224608956911384e-05 
 (476,) [40] 0.6893819334389857 435 4.53869203659876e-05 
 (111,) [40] 0.6285362853628537 511 4.1381018194934074e-05 
 (439,) [40] 0.6739130434782609 403 4.4368493217345505e-05 
 (2239,) [40] 0.7269230769230769 378 4.785852109573223e-05 
 (148,) [40] 0.6492248062015504 335 4.274309080265656e-05 
 (12926,) [40] 0.6542056074766355 280 4.3071012408758674e-05 
 (256,) [40] 0.715962441314554 305 4.713690442521259e-05 
 (80,) [40] 0.6740890688259109 333 4.4380082219100064e-05 
 (40,) [90] 0.052538020936203834 798 4.529139735879641e-05 
 (90,) [40] 0.6879310344827586 798 4.5291397358796404e-05 
 (37,) [40] 0.6758703481392557 563 4.449735651716741e-05 
 (1328,) [40] 0.6614173228346457 336 4.3545810970744996e-05 
 (271,) [40] 0.6777163904235728 368 4.4618894622659345e-05 
 (61,) [40] 0.6651480637813212 292 4.379143220628884e-05 
 (33,) [40, 39] 0.12826761187416924 579 8.444770022659111e-06 
 (39,) [40, 33] 0.12456970740103271 579 8.201310645930127e-06 
 (33, 39) [40] 0.12826761187416924 579 8.444770022659111e-06 
 (33, 40) [39] 0.12826761187416924 579 2.7596302038332453e-05 
 (39, 40) [33] 0.12456970740103271 579 2.7596302038332457e-05 
 (33,) [49, 39] 0.10744350908285334 485 8.559189762037229e-06 
 (39,) [33, 49] 0.1043459552495697 485 2.3116073382713714e-05 
 (33, 39) [49] 0.10744350908285334 485 8.559189762037229e-06 
 (33, 49) [39] 0.10744350908285334 485 2.3116073382713714e-05 
 (39, 49) [33] 0.1043459552495697 485 2.3116073382713714e-05 
 (33,) [40, 42] 0.15485157288435977 699 1.0194981426319032e-05 
 (42,) [40, 33] 0.1537277325709259 699 1.0120991017902818e-05 
 (33, 40) [42] 0.15485157288435977 699 3.4055767073754076e-05 
 (33, 42) [40] 0.15485157288435977 699 1.0194981426319032e-05 
 (33,) [40, 49] 0.35799734160389896 1616 2.3569513569286914e-05 
 (40,) [33, 49] 0.10639278425176114 1616 2.3569513569286918e-05 
 (49,) [40, 33] 0.12873416713136301 1616 8.475486676631972e-06 
 (33, 40) [49] 0.35799734160389896 1616 2.85188673308292e-05 
 (33, 49) [40] 0.35799734160389896 1616 2.3569513569286914e-05 
 (40, 49) [33] 0.10639278425176114 1616 2.3569513569286918e-05 
 (33,) [49, 42] 0.13690739920248116 618 1.0906349016369088e-05 
 (42,) [33, 49] 0.13591378931163403 618 3.0109390631731066e-05 
 (33, 42) [49] 0.13690739920248116 618 1.0906349016369088e-05 
 (33, 49) [42] 0.13690739920248116 618 3.0109390631731066e-05 
 (42, 49) [33] 0.13591378931163403 618 3.0109390631731066e-05 
 (37,) [40, 39] 0.6458583433373349 538 4.252145258656495e-05 
 (39,) [40, 37] 0.1157487091222031 538 7.620561532833176e-06 
 (37, 39) [40] 0.6458583433373349 538 4.252145258656495e-05 
 (37, 40) [39] 0.6458583433373349 538 0.00013895403255966758 
 (39, 40) [37] 0.1157487091222031 538 0.00013895403255966758 
 (37,) [49, 39] 0.45738295318127253 381 3.643614699125887e-05 
 (39,) [49, 37] 0.08197074010327023 381 6.529972126445489e-06 
 (37, 39) [49] 0.45738295318127253 381 3.643614699125887e-05 
 (37, 49) [39] 0.45738295318127253 381 9.840424982385381e-05 
 (39, 49) [37] 0.08197074010327023 381 9.840424982385381e-05 
 (37,) [40, 49] 0.3709483793517407 309 2.4422172582246407e-05 
 (37, 40) [49] 0.3709483793517407 309 2.955057590629656e-05 
 (37, 49) [40] 0.3709483793517407 309 2.4422172582246407e-05 
 (39,) [40, 42] 0.20718588640275387 963 1.3640521851521092e-05 
 (40,) [42, 39] 0.06340114556587004 963 1.394351123067298e-05 
 (42,) [40, 39] 0.2117879920826919 963 1.394351123067298e-05 
 (39, 40) [42] 0.20718588640275387 963 4.556540277166349e-05 
 (39, 42) [40] 0.20718588640275387 963 1.3640521851521092e-05 
 (40, 42) [39] 0.06340114556587004 963 1.3640521851521092e-05 
 (39,) [40, 171] 0.13231497418244406 615 8.71123669645428e-06 
 (171,) [40, 39] 0.6634304207119741 615 4.3678347535188234e-05 
 (39, 40) [171] 0.13231497418244406 615 0.00014273459998106154 
 (39, 171) [40] 0.13231497418244406 615 8.71123669645428e-06 
 (39,) [40, 49] 0.3958691910499139 1840 2.606288702679004e-05 
 (40,) [49, 39] 0.12114029890052011 1840 9.6503066120067e-06 
 (49,) [40, 39] 0.14657850712976978 1840 9.650306612006701e-06 
 (39, 40) [49] 0.3958691910499139 1840 3.1535823392807606e-05 
 (39, 49) [40] 0.3958691910499139 1840 2.606288702679004e-05 
 (40, 49) [39] 0.12114029890052011 1840 2.606288702679004e-05 
 (39,) [40, 111] 0.10864888123924268 505 7.153129319852702e-06 
 (111,) [40, 39] 0.6211562115621156 505 4.089513539812467e-05 
 (39, 40) [111] 0.10864888123924268 505 0.00013363946031887168 
 (39, 111) [40] 0.10864888123924268 505 7.153129319852702e-06 
 (39,) [49, 42] 0.15899311531841653 739 1.2665746460480884e-05 
 (42,) [49, 39] 0.16252474158786012 739 1.2947083692173991e-05 
 (49,) [42, 39] 0.058870389548315145 739 1.2947083692173993e-05 
 (39, 42) [49] 0.15899311531841653 739 1.2665746460480884e-05 
 (39, 49) [42] 0.15899311531841653 739 3.49665967271644e-05 
 (42, 49) [39] 0.16252474158786012 739 3.4966596727164396e-05 
 (39,) [49, 171] 0.09789156626506024 455 7.798260675938838e-06 
 (171,) [49, 39] 0.49083063646170444 455 3.910066410114749e-05 
 (39, 171) [49] 0.09789156626506024 455 7.798260675938838e-06 
 (39, 49) [171] 0.09789156626506024 455 0.00010560039510793985 
 (171, 49) [39] 0.49083063646170444 455 0.00010560039510793985 
 (39,) [49, 111] 0.08777969018932874 408 6.992726056666035e-06 
 (111,) [49, 39] 0.5018450184501845 408 3.997809435594555e-05 
 (39, 49) [111] 0.08777969018932874 408 0.0001079700986338607 
 (39, 111) [49] 0.08777969018932874 408 6.992726056666035e-06 
 (40,) [49, 42] 0.14405161630127067 2188 1.1475473297321012e-05 
 (42,) [40, 49] 0.48119639322630303 2188 3.168058418765574e-05 
 (49,) [40, 42] 0.17430096391300884 2188 1.147547329732101e-05 
 (40, 42) [49] 0.14405161630127067 2188 1.1475473297321012e-05 
 (40, 49) [42] 0.14405161630127067 2188 3.1680584187655744e-05 
 (42, 49) [40] 0.48119639322630303 2188 3.168058418765574e-05 
 (171,) [40, 49] 0.3861920172599784 358 2.5425769784711202e-05 
 (171, 49) [40] 0.3861920172599784 358 2.5425769784711202e-05 
 (311,) [40, 49] 0.5340179717586649 416 3.5158204737551183e-05 
 (66,) [40, 49] 0.38716981132075473 513 2.5490144928616415e-05 
 (90,) [40, 49] 0.5275862068965518 612 3.473475586915214e-05 
 (476,) [40, 49] 0.508716323296355 321 3.349241709765982e-05 
 (226,) [40, 49] 0.4224049331963001 411 2.7809923839377188e-05 
 (102,) [40, 49] 0.42592592592592593 276 2.8041735856601877e-05 
 (238,) [40, 49] 0.40683572216097025 369 2.6784891840211354e-05 
 (111,) [40, 49] 0.3874538745387454 315 2.5508846832493608e-05 
 (33,) [40, 49, 39] 0.08351794417368189 377 5.4985808264982475e-06 
 (39,) [40, 33, 49] 0.08111015490533563 377 5.340058917989046e-06 
 (33, 39) [40, 49] 0.08351794417368189 377 5.4985808264982475e-06 
 (33, 40) [49, 39] 0.08351794417368189 377 6.653225856263991e-06 
 (33, 49) [40, 39] 0.08351794417368189 377 5.4985808264982475e-06 
 (39, 40) [33, 49] 0.08111015490533563 377 1.796857662944963e-05 
 (39, 49) [40, 33] 0.08111015490533563 377 5.340058917989046e-06 
 (33, 39, 40) [49] 0.08351794417368189 377 6.653225856263991e-06 
 (33, 39, 49) [40] 0.08351794417368189 377 5.4985808264982475e-06 
 (33, 40, 49) [39] 0.08351794417368189 377 1.796857662944963e-05 
 (39, 40, 49) [33] 0.08111015490533563 377 1.796857662944963e-05 
 (33,) [40, 49, 42] 0.10700044306601683 483 7.044600899731176e-06 
 (42,) [40, 33, 49] 0.10622388387948098 483 6.993474480181775e-06 
 (33, 40) [49, 42] 0.10700044306601683 483 8.52389413415254e-06 
 (33, 42) [40, 49] 0.10700044306601683 483 7.044600899731176e-06 
 (33, 49) [40, 42] 0.10700044306601683 483 7.044600899731176e-06 
 (42, 49) [40, 33] 0.10622388387948098 483 6.993474480181775e-06 
 (33, 40, 42) [49] 0.10700044306601683 483 8.52389413415254e-06 
 (33, 40, 49) [42] 0.10700044306601683 483 2.3532096561692728e-05 
 (33, 42, 49) [40] 0.10700044306601683 483 7.044600899731176e-06 
 (37,) [40, 49, 39] 0.35414165666266506 295 2.3315666381109032e-05 
 (39,) [40, 49, 37] 0.06346815834767643 295 4.178560691795143e-06 
 (37, 39) [40, 49] 0.35414165666266506 295 2.3315666381109032e-05 
 (37, 40) [49, 39] 0.35414165666266506 295 2.8211714861998333e-05 
 (37, 49) [40, 39] 0.35414165666266506 295 2.3315666381109032e-05 
 (39, 40) [49, 37] 0.06346815834767643 295 5.056015163520786e-06 
 (39, 49) [40, 37] 0.06346815834767643 295 4.178560691795143e-06 
 (37, 39, 40) [49] 0.35414165666266506 295 2.8211714861998333e-05 
 (37, 39, 49) [40] 0.35414165666266506 295 2.3315666381109032e-05 
 (37, 40, 49) [39] 0.35414165666266506 295 7.61922669239813e-05 
 (39, 40, 49) [37] 0.06346815834767643 295 7.619226692398131e-05 
 (39,) [40, 49, 42] 0.1346815834767642 626 8.867047434114438e-06 
 (42,) [40, 49, 39] 0.13767319111502088 626 9.064006262098946e-06 
 (39, 40) [49, 42] 0.1346815834767642 626 1.0729035567335633e-05 
 (39, 42) [40, 49] 0.1346815834767642 626 8.867047434114438e-06 
 (39, 49) [40, 42] 0.1346815834767642 626 8.867047434114438e-06 
 (42, 49) [40, 39] 0.13767319111502088 626 9.064006262098946e-06 
 (39, 40, 42) [49] 0.1346815834767642 626 1.0729035567335633e-05 
 (39, 40, 49) [42] 0.1346815834767642 626 2.9619877606501914e-05 
 (39, 42, 49) [40] 0.1346815834767642 626 8.867047434114438e-06 
 (39,) [40, 49, 171] 0.0761617900172117 354 5.0142728301541705e-06 
 (171,) [40, 49, 39] 0.3818770226537217 354 2.5141682971474204e-05 
 (39, 40) [49, 171] 0.0761617900172117 354 6.067218196224942e-06 
 (39, 171) [40, 49] 0.0761617900172117 354 5.0142728301541705e-06 
 (39, 49) [40, 171] 0.0761617900172117 354 5.0142728301541705e-06 
 (171, 49) [40, 39] 0.3818770226537217 354 2.5141682971474204e-05 
 (39, 40, 171) [49] 0.0761617900172117 354 6.067218196224942e-06 
 (39, 40, 49) [171] 0.0761617900172117 354 8.215942828178177e-05 
 (39, 171, 49) [40] 0.0761617900172117 354 5.0142728301541705e-06 
 (39,) [40, 49, 111] 0.0673407917383821 313 4.433523717057219e-06 
 (111,) [40, 49, 39] 0.3849938499384994 313 2.5346885900223806e-05 
 (39, 40) [49, 111] 0.0673407917383821 313 5.364517783667817e-06 
 (39, 111) [40, 49] 0.0673407917383821 313 4.433523717057219e-06 
 (39, 49) [40, 111] 0.0673407917383821 313 4.433523717057219e-06 
 (111, 49) [40, 39] 0.3849938499384994 313 2.5346885900223806e-05 
 (39, 40, 111) [49] 0.0673407917383821 313 5.364517783667817e-06 
 (39, 40, 49) [111] 0.0673407917383821 313 8.283000213823137e-05 
 (39, 111, 49) [40] 0.0673407917383821 313 4.433523717057219e-06 
 