left_side right_side confidence numerator lift 
 (39,) [40] 0.6767485822306238 1074 0.00013489108675117077 
 (40,) [39] 0.21407215467410803 1074 0.00013489108675117077 
 (39,) [49] 0.5318210459987398 844 0.00012542949198083485 
 (49,) [39] 0.19905660377358492 844 0.00012542949198083485 
 (40,) [42] 0.22922064979071158 1150 0.00015140069338884517 
 (42,) [40] 0.7595772787318362 1150 0.00015140069338884517 
 (40,) [49] 0.5752441698226032 2886 0.00013567079476948187 
 (49,) [40] 0.6806603773584906 2886 0.0001356707947694819 
 (40,) [33] 0.16523819015347818 829 0.0001109725924469296 
 (33,) [40] 0.5567494963062458 829 0.0001109725924469296 
 (42,) [49] 0.607001321003963 919 0.000143160688916029 
 (49,) [42] 0.21674528301886792 919 0.00014316068891602902 
 (49,) [33] 0.18891509433962264 801 0.00012687380412331945 
 (33,) [49] 0.5379449294828744 801 0.00012687380412331945 
 (33,) [40, 49] 0.3552719946272666 529 7.081363257469934e-05 
 (40,) [33, 49] 0.10544149890372732 529 7.081363257469934e-05 
 (49,) [40, 33] 0.12476415094339623 529 2.4868278043331915e-05 
 (33, 40) [49] 0.3552719946272666 529 8.379056477058175e-05 
 (33, 49) [40] 0.3552719946272666 529 7.081363257469934e-05 
 (40, 49) [33] 0.10544149890372732 529 7.081363257469934e-05 
 (39,) [40, 49] 0.40705734089477 646 8.11356071147638e-05 
 (40,) [49, 39] 0.12876220849113015 646 3.0368445398851452e-05 
 (49,) [40, 39] 0.15235849056603773 646 3.0368445398851452e-05 
 (39, 40) [49] 0.40705734089477 646 9.600408983367217e-05 
 (39, 49) [40] 0.40705734089477 646 8.11356071147638e-05 
 (40, 49) [39] 0.12876220849113015 646 8.11356071147638e-05 
 (40,) [49, 42] 0.1488937612118796 747 3.511645311600934e-05 
 (42,) [40, 49] 0.49339498018494055 747 9.834462431431942e-05 
 (49,) [40, 42] 0.17617924528301887 747 3.511645311600934e-05 
 (40, 42) [49] 0.1488937612118796 747 3.511645311600934e-05 
 (40, 49) [42] 0.1488937612118796 747 9.834462431431943e-05 
 (42, 49) [40] 0.49339498018494055 747 9.834462431431942e-05 
 